0
1
2
3
4
5
6
7
8
9
10
11
12
13
14
15
16
17
18
19
20
21
22
23
24
25
26
27
28
29
30
31
32
33
34
35
36
37
38
39
                         / 0(1)
                    / 1(2)
               / 2(5)
                         / 3(1)
                    \ 4(2)
          / 5(10)
                         / 6(1)
                    / 7(2)
               \ 8(4)
                    \ 9(1)
     / 10(20)
                         / 11(1)
                    / 12(2)
               / 13(4)
                    \ 14(1)
          \ 15(9)
                         / 16(1)
                    / 17(2)
               \ 18(4)
                    \ 19(1)
 - 20(40)
                         / 21(1)
                    / 22(2)
               / 23(4)
                    \ 24(1)
          / 25(9)
                         / 26(1)
                    / 27(2)
               \ 28(4)
                    \ 29(1)
     \ 30(19)
                         / 31(1)
                    / 32(2)
               / 33(4)
                    \ 34(1)
          \ 35(9)
                         / 36(1)
                    / 37(2)
               \ 38(4)
                    \ 39(1)
